version https://git-lfs.github.com/spec/v1
oid sha256:f8969a883eb4b0f7cedfb038d774b362823162b088bc123a87205b6ae779d109
size 32
